0.328357 -0.102118 -0.300797 -0.14314 0.289159 -0.0456454 -0.0431089 0.0077289 -0.157041 0.234917 0.0500541 -0.368008 -0.257234 0.167623 0.0179778 0.0424571 -0.146713 0.165199 0.347005 0.178246 -0.0340001 -0.0927888 0.0423616 -0.0663252 -0.28585 
0.250736 -0.324612 0.253223 0.146242 -0.232791 -0.285726 0.0979034 0.26166 -0.0737497 0.178309 -0.149287 -0.133882 0.17089 0.322142 -0.204573 -0.361026 -0.14435 0.3939 -0.0679278 0.341716 -0.0364241 0.255684 0.0836505 0.313047 0.284605 
0.0874946 0.000195256 -0.202547 -0.125262 -0.08043 -0.295904 -0.348785 0.0454073 -0.216034 -0.0591339 -0.133423 0.0238574 -0.238348 -0.214039 0.130296 0.310306 -0.118256 -0.0122507 -0.0337706 -0.0515773 0.0897712 0.167471 -0.106575 -0.240191 -0.112392 
-0.00409588 -0.144873 0.385772 -0.213076 0.113047 -0.176345 -0.0641544 0.113369 -0.0910315 0.215333 -0.297275 -0.228398 0.155918 -0.129629 0.132153 -0.14133 -0.294664 -0.166777 -0.152019 0.134353 0.00841569 -0.0713097 -0.315366 -0.326813 -0.150413 
0.354356 0.140526 0.271584 -0.127344 0.00281028 0.0456513 -0.126853 0.251579 0.04758 -0.257059 0.0304625 0.0341579 -0.106687 -0.261592 -0.39775 0.354039 0.256754 -0.330156 -0.142226 -0.258442 0.376742 -0.20497 0.0804108 -0.17578 0.133265 
0.137418 -0.125747 0.031094 -0.0778794 -0.0652249 0.0215562 0.245752 -0.230639 -0.184579 -0.363165 -0.136401 0.241888 0.279551 -0.0643092 0.134404 -0.0894897 0.129301 -0.175706 0.429324 0.259076 -0.240796 -0.0506176 0.325377 0.178678 -0.105376 
0.369748 0.199231 0.362117 0.358797 0.321225 0.151644 0.371865 0.318172 0.00101338 0.266681 -0.09923 0.0486228 0.240142 -0.120086 0.193681 -0.375848 -0.0679069 -0.24821 -0.190585 -0.0479444 -0.407476 -0.444135 0.0922025 -0.0127404 0.278101 
0.215423 0.219711 0.290043 -0.23197 -0.148396 0.0347802 0.0844763 0.0650846 -0.298786 -0.021348 0.313498 0.00691267 -0.381071 -0.00663766 0.205117 0.277376 -0.136101 -0.302774 -0.349806 0.077512 -0.146652 -0.364729 -0.0324205 -0.306753 0.237204 
-0.054825 -0.106189 0.121786 0.10485 0.0417201 0.358146 0.286286 0.208514 0.366429 0.270449 -0.113796 0.356579 -0.0195723 -0.146494 0.118332 0.111131 -0.0194674 0.256904 -0.0801319 -0.228385 -0.169324 0.169196 -0.330106 0.160334 -0.359086 
-0.0262129 -0.00327351 0.181707 0.235942 0.18567 0.353852 0.313486 0.165479 0.162538 -0.289472 0.00492308 -0.275545 -0.152715 0.127003 -0.085238 -0.326123 0.128304 -0.0756043 0.154261 0.287021 -0.252409 -0.251531 -0.184256 0.318631 0.0408512 
-0.352919 -0.318543 -0.064124 0.0695527 0.0897231 0.0570455 -0.112285 0.161969 0.338927 -0.138756 -0.288968 0.0582601 0.186281 0.376673 0.0865175 -0.144583 0.265308 -0.0264052 0.280545 -0.394407 0.125574 0.19991 -0.0695233 0.0280109 -0.310405 
-0.173517 -0.257239 -0.146018 0.176962 0.123857 -0.246396 0.0641829 0.0178611 0.334173 0.0944349 0.238335 -0.00699566 -0.185783 0.332078 -0.220937 0.34289 -0.052354 -0.194544 0.225913 -0.196211 0.272821 -0.0722553 -0.277808 0.326696 -0.126476 
0.243574 0.217818 -0.116627 0.0450852 -0.224966 -0.138117 0.423916 0.225157 0.344912 0.359438 0.192196 0.086941 0.307301 0.306973 0.443151 -0.193114 -0.053207 0.136677 -0.219388 0.27549 -0.342527 -0.517694 -0.490457 -0.420189 -0.446344 
0.224093 0.0207299 -0.267472 -0.0616069 -0.318483 -0.0450906 -0.297268 0.0320228 0.197269 0.129077 0.0806268 -0.218712 0.208321 0.234243 0.249926 0.0491383 0.258955 -0.176432 -0.274594 -0.287684 0.256417 -0.168088 0.232442 0.286878 0.222121 
-0.200464 0.231214 0.0793876 0.301197 0.357723 -0.332038 0.231632 -0.0597805 -0.0779732 0.0597235 0.0424604 -0.189188 -0.28138 0.00672369 -0.297369 -0.133605 -0.135405 -0.186882 -0.371755 -0.157435 0.15232 -0.00973276 -0.25413 0.0239458 -0.338381 
0.0892595 -0.115813 -0.101434 -0.240949 -0.279618 -0.273841 0.132722 -0.155804 -0.389891 0.0892579 -0.293699 -0.07211 -0.350463 -0.145166 0.0589028 0.217562 -0.293441 -0.175007 -0.255446 0.476672 -0.206917 -0.225926 0.115687 0.133445 0.415484 
-0.213066 0.296144 0.221641 -0.160099 0.00173589 -0.261081 0.0646898 -0.168711 0.0181768 -0.13384 -0.273956 0.0318228 0.0175295 0.188465 0.27112 -0.264301 -0.225695 -0.0125979 -0.00527181 0.0625763 -0.0834956 -0.2866 -0.35447 -0.265695 -0.0990702 
-0.379823 -0.0460462 -0.029056 -0.0708422 -0.0793068 -0.144626 0.313772 0.383233 -0.0227364 0.264726 0.117309 0.17548 0.418664 0.070228 -0.0486345 0.179143 -0.0632914 0.200004 0.0935896 -0.158628 0.269233 -0.258893 0.0598612 0.154669 -0.234424 
-0.197258 0.0550076 -0.0729719 0.180857 0.1469 -0.308329 -0.127758 0.0415604 -0.0704601 -0.274713 -0.183249 -0.138032 -0.423155 -0.0771329 -0.160461 -0.263364 -0.157364 0.00855399 0.20064 0.142932 0.188206 0.317307 -0.116576 -0.0479782 -0.17017 
0.188041 0.167768 0.241578 0.292172 -0.0281076 -0.195729 -0.292886 -0.334829 -0.0967427 -0.0860651 0.0743238 0.226354 -0.349614 0.214876 0.248318 0.0542018 0.245007 0.0642582 -0.25691 0.12983 -0.0101208 0.174909 -0.0537763 -0.0261346 -0.135959 
