-0.174203
-0.026738
-0.0763644
-0.114844
-0.00388504
-0.0640073
-0.101615
-0.032515
-0.0351104
-0.105776
-0.0590239
-0.0375414
-0.0464321
-0.0413475
-0.00448025
-0.0225788
-0.017523
-0.0871728
-0.0334962
-0.0559224
-0.0433356
-0.101576
-0.0566931
-0.0238303
-0.187158
-0.00945444
-0.00481278
-0.0743522
-0.0700639
-0.0156033
-0.0977656
-0.0120433
-0.135174
0.0263808
0.0592897
-0.0237777
-0.0784014
-0.0164043
-0.0739794
-0.0815782
-0.114524
0.0767361
-0.0742869
-0.039871
-0.104127
-0.0424221
-0.130649
-0.0751302
-0.067818
-0.0818467
